+15378694396077935
12660811582055
+11692404873262
+98(0296)344-29-81278
398453601226858
782687444170022
4511466703390
83(7896)225-89-60387
+932504757184734
42(1689)399-02-88731
+9080335342036677
763674624719841
+326(99)423-92-56091
+163(731)828-52-88707
+69(6533)195-02-56718
+72202368116212
+079902287047084
+099440373115668
92718811258985
89(7451)115-50-16748
+506(54)390-46-36285
+393293677135687
+919(8801)451-08-46595
12660811582055
+0209027789206734
+3205560360997481
+1(347)220-68-45094
902(197)962-53-07012
+2286036307144
+557365785229402
+2(759)533-77-56641
+3(35)770-77-87507
+23064995913785018
+391529689555428
129(624)209-87-60289
+53(9839)489-38-64271
+8392164819338858
30857301602906
+6834042797729847
+03028254917000336
975276136276904
+53(5911)684-96-57959
+68180451896422720
910424283381248
+2(1075)950-62-36928
+0(04)160-37-83765
4453420956863
+03023670009175290
+128(47)538-03-37181
04201760616541893
54712562395382
+71253261522599
16(7109)123-58-42353
8(2806)171-79-56099
+97920414855431379
06376342987931
+18160750603109
92451698524138
+587159127386026
+57(89)245-50-00808
1(84)011-38-24031
852723200424444
9298906306220832
+4262637252367730
492378682377597
+1(334)137-93-61695
+266855062836999
+94(36)250-87-63053
27(44)473-95-91486
+399(5651)589-04-36608
+84341213845224
+7826198626555934
954(2962)515-00-49447
+6258573572291734
03(926)455-38-20632
59605532371330627
+02438087801887
6258573572291734
+182938050734687
+5951436876639368
+763674624719841
65123556601205
+3948769426477308
1673125401931346
437417115457612
351(5114)109-83-10789
+82(78)256-46-27285
+14701339355733
+7(435)787-18-65190
+977(8335)426-47-69902
72202368116212
44(456)710-97-42495
3218345722049551
+057651108328486
+59(2749)901-82-17097
+05871320181588
971037928454229
67(392)439-58-55752
8(17)930-29-74732
95067245730506950
715(92)890-83-48254
336(928)151-81-45086
+14397560916281
510355960243523
38633795916188200
+638(7802)584-20-88345
123256183418441
0435872226955288
+7(0610)909-81-51819
+58(01)481-11-52747
+11(50)554-34-62259
3(967)690-57-51551
920731188168249
+77(73)130-94-95952
+65123556601205
+73983510826660
+14814095160183
968879270024615
73983510826660
+71119289144014
63(9625)115-49-25257
659372968660911
19(0859)768-51-36636
+7(458)626-24-50867
+26091166794204
+001072801109053
93(10)530-63-78751
+257(426)408-82-87141
19(3254)549-09-18637
3(359)562-43-84085
+91(58)774-14-56893
708677856684348
+81(625)008-50-47188
9080335342036677
200915075626092
+79970909010396
+56284781120762
5951436876639368
40(099)971-31-68038
+297(697)077-61-07613
+43(23)025-52-36199
+0(1148)685-20-84537
182938050734687
+272886644487443
+708677856684348
4511466703390
+7119490294577190
+75(05)094-19-11360
+33(579)316-57-73567
57152390106201407
+083(19)599-45-00441
+9456754307427064
2899511299597
393293677135687
+83914857071654
+4(069)977-95-37988
+46269433341554
+50(0615)001-86-16050
+4152910291009631
067923428582620
565949502172825
212(7907)484-39-28449
607832669873333
71385083030965685
220119130795166
910087741643436
+713369777368301
+0(39)856-57-40425
41(90)282-63-07129
04(772)527-92-94959
745656249091734
+3(21)258-17-46584
+85167003849073601
+6(98)233-22-00467
94809062744410
62(930)188-65-50472
+063(34)204-39-36378
575297854958246
+249(33)302-33-49011
+92291411819582961
+4453420956863
532899009608541
+056299747580374
+159333874344537
810(6724)283-80-74031
+39843378417873961
+0824147784581
+69(41)983-72-64563
+16(321)587-58-65406
6(5627)306-04-50960
+684(0589)229-91-54750
98(5454)397-50-04894
+5(5711)129-87-81642
68180451896422720
181(03)882-67-00961
462821147948869
+738200459436427
+64050175235305
639742837405314
+45(4361)661-56-42969
456301930328960
342(243)404-22-02773
+602(6490)566-56-10725
9064002524139698
+66(70)485-87-09680
+20979851595969
+273(113)751-60-70481
4728545420577
+14701339355733
+92451698524138
774545019081835
+359427346533427
73807017754907
+0(54)036-60-29842
17354181746046113
638199457319086
+4(89)423-30-33141
+565949502172825
322(68)363-54-31203
+27795725347448
+7(78)638-22-48838
69049218626705
57152390106201407
+44(4464)228-15-09155
191067824410226
+017670148833566
+822(7220)596-83-31766
393(63)527-89-34476
+9(89)068-45-82801
+664(182)169-24-03528
63(9307)786-12-10757
+7668457059707
90359168725998
6834042797729847
+8372826428091
27444456075985
+7(250)863-33-75262
367414884744787
492378682377597
+787767434024715
97(0988)616-32-63984
0(41)556-39-40588
+46269433341554
437417115457612
+659372968660911
871239363054718
+27795725347448
+29(865)076-63-31543
+288(5539)839-99-85025
56284781120762
0(7475)550-56-71603
635(62)942-11-32600
+5065086209978330
+249669036368328
288(7070)560-43-24666
+994(105)107-35-18155
803611263630042
+52993946944023
28793929222168034
5970135741240
43(00)299-23-76582
+6(6861)141-80-20775
94626836922996
+4728545420577
+4335930938568
44(0398)487-68-08917
3(67)518-80-37915
05871320181588
+005(193)812-04-40735
+975276136276904
56809445216914
+60343286082426
9298906306220832
2(525)914-20-38212
+9018137613170715
649796174906963
+994(40)969-13-94435
+84341213845224
+266855062836999
+40900204838053
9262243610293592
+5378316900377748
99512751343499
5(6130)028-52-28276
+36993375527523
9(5322)335-53-77298
63542419424875875
+73807017754907
051(48)652-83-62624
+918390027633463
+97846296823636
+64050175235305
4(70)068-50-54786
+4(254)636-94-36962
7(510)593-65-68684
7(670)112-99-98274
34(118)550-72-29985
17354181746046113
35(71)529-12-61438
34(846)317-14-69271
+2286036307144
+0435872226955288
81(32)227-42-63589
4023331929501935
9064002524139698
5533981569610154
+67(0238)121-33-82343
07626348259653
745656249091734
+9018137613170715
+17(268)412-90-32089
+11692404873262
27444456075985
620(9116)433-67-01529
+1462125856814
+486(959)174-94-08235
+4(55)111-29-95243
7(8492)767-02-82371
+99758589486379
9(152)911-65-77956
971037928454229
+356884780068110
+52971481716150
+6(15)773-31-22675
+34063038389271
7(298)461-54-70944
+1053695453604014
356884780068110
034125254490762
+222(2842)465-85-64190
+36993375527523
+1(073)270-64-91935
+167(461)482-14-74789
78125340778773
63(093)000-89-76859
+337(663)918-25-91292
+643(8313)132-94-00514
+0191518788387969
+6(17)797-17-65765
+0772190549194
90359168725998
39843378417873961
56809445216914
+315(849)046-90-90716
+95067245730506950
713(74)254-21-88761
+037(4084)427-75-31450
682795049410082
747(17)070-24-97458
+0191518788387969
+179285262901261
001072801109053
07(61)364-58-37461
97099987044176324
+03028254917000336
5(0106)332-62-35198
852723200424444
236650313803168
4271990855802
+2143248303323056
83(09)829-20-76897
130(06)119-05-50505
+227(5547)464-08-34996
+15(3100)206-25-65792
+1483754743973
+7736285166306590
4011665865796
99758589486379
+59605532371330627
67(08)173-42-40072
+3338564604903249
+8(6902)059-31-68768
+19201381533637
+367414884744787
+56(770)046-36-77289
+532899009608541
3338564604903249+199(203)002-50-96897
+018(837)893-71-35807
+44(378)430-61-23565
+9(36)479-08-96225
3(366)415-50-08284
888(672)518-33-63660
+910087741643436
+544(3238)436-73-22161
33(195)781-96-75768
14397560916281
+5(729)299-79-51424
92718811258985
+704(5132)611-45-84164
4039081980312895
+91(07)875-32-94167
+58(7172)360-15-12963
+607832669873333
+2(16)243-27-49858
774545019081835
12(77)772-53-63854
72(10)320-50-42428
+4262637252367730
+2(19)963-46-02153
920731188168249
+325(6758)620-21-08632
191067824410226
+69049218626705
1(71)549-26-43048
+7(745)344-67-07381
+429(307)990-27-15826
1(6450)101-12-57608
+574437207991643
6206387942663
+057651108328486
+20979851595969
+3(5718)099-88-31209
+86(47)299-78-51748
968879270024615
+47(62)795-81-39873
+1(516)362-18-44326
55899281519723662
+20(9642)316-26-58943
449784461919762
03023670009175290
52556720682777
7137386354491252
92147273679415236
+6206387942663
+6(838)846-73-90024
+048(8408)404-03-26337
04(9765)538-51-30946
017670148833566
32970071178272763
99(424)181-03-08262
1(136)756-00-04049
649796174906963
8392164819338858
247(424)367-96-17849
+00561239164375
11428330785347647
+15378694396077935
0772190549194
+37(271)869-34-35479
132(947)674-18-30383
71385083030965685
+49333478136315
557365785229402
+817(47)452-10-74515
+078955955379252
17262144089694
+06951871298011
09866794608249425
418233686481733
+07626348259653
8(029)428-17-10708
+871239363054718
758(731)176-21-39547
6719381220460566
+305(529)474-32-82503
5275913058387
450(044)081-84-25067
+243054204280771
071(6891)334-00-76148
+1(29)821-28-19668
+26940456177476311
3544743014338
0281146097591
+937(166)312-02-89603
+317(99)285-25-20751
+49333478136315
71253261522599
+932504757184734
+7826198626555934
+9(4687)906-19-54894
+4(0239)596-04-98719
5125386191742744
6332838394841
+06376342987931
6(08)417-41-11816
+92(44)748-53-29709
+754547079813085
7(2075)154-28-34294
+285(0862)307-19-67496
079902287047084
+123256183418441
+686329200352311
574437207991643
+787767434024715
43646004112514566
5390478285100036
462821147948869
+2(6688)139-25-04657
687(61)547-55-29990
19(5438)112-91-79289
+02438087801887
5533981569610154
179285262901261
5(377)635-16-43610
+6(4797)829-98-03906
+97920414855431379
+7137386354491252
4152910291009631
1(86)554-16-30078
39(0666)024-39-99626
+23064995913785018
+8(4432)288-01-07963
243054204280771
+04201760616541893
+30349976779953
8604841017453
200915075626092
2(49)396-72-24305
3(41)274-31-38519
